157
33
186
78
538
3
143
193
378
96
59
108
54
275
498
806
275
330
129
123
66
23
202
187
324
16
134
36
124
61
188
217
78
49
517
20
312
1630
2
232
92
36
34
56
27
420
15
50
1
233
113
17
131
1643
66
536
29
124
826
197
110
101
31
144
95
31
120
13
28
32
1205
182
54
292
145
217
12
40
431
276
41
96
45
125
215
203
189
22
388
644
255
326
4
75
7
4
12
16
16
139
70
6
34
11
176
345
61
151
467
194
1312
368
364
18
10
29
154
88
42
41
208
127
137
55
20
78
361
871
224
348
307
37
1359
216
190
95
225
1
93
29
218
4
93
81
99
312
48
566
745
336
19
2366
80
97
25
53
250
24
112
2
15
59
286
326
354
123
462
217
19
156
952
12
65
19
17
80
91
43
0
72
315
114
275
307
456
228
120
329
47
632
